-7.60764e-08 -1.74043
0.0150442 -1.72869
0.029889 -1.7171
0.0445407 -1.70567
0.0590052 -1.69439
0.0732881 -1.68324
0.0873951 -1.67224
0.101331 -1.66137
0.115102 -1.65063
0.128713 -1.64001
0.142167 -1.62952
0.155471 -1.61914
0.168629 -1.60889
0.181644 -1.59874
0.194522 -1.5887
0.207266 -1.57876
0.213476 -1.52324
0.225601 -1.51379
0.237607 -1.50443
0.249498 -1.49516
0.261278 -1.48598
0.272949 -1.47689
0.284516 -1.46788
0.295981 -1.45894
0.307347 -1.45009
0.318617 -1.44131
0.329794 -1.4326
0.340881 -1.42397
0.351882 -1.4154
0.362797 -1.4069
0.375444 -1.40525
0.38625 -1.39684
0.396979 -1.38848
0.407633 -1.38019
0.418215 -1.37195
0.428727 -1.36377
0.439171 -1.35564
0.44955 -1.34757
0.459865 -1.33954
0.470119 -1.33156
0.480313 -1.32363
0.490451 -1.31574
0.500533 -1.3079
0.510563 -1.3001
0.520541 -1.29234
0.53047 -1.28462
0.540352 -1.27694
0.550188 -1.26929
0.559981 -1.26168
0.569732 -1.2541
0.579442 -1.24655
0.589114 -1.23903
0.598749 -1.23154
0.608349 -1.22408
0.617916 -1.21665
0.627451 -1.20924
0.636955 -1.20186
0.646431 -1.1945
0.65588 -1.18716
0.665304 -1.17984
0.674703 -1.17254
0.68408 -1.16526
0.693436 -1.158
0.702773 -1.15075
0.712092 -1.14352
0.721395 -1.1363
0.730682 -1.12909
0.739956 -1.12189
0.749217 -1.11471
0.758468 -1.10753
0.76771 -1.10036
0.776944 -1.0932
0.786172 -1.08604
0.795394 -1.07889
0.804614 -1.07174
0.81383 -1.0646
0.823046 -1.05745
0.832263 -1.05031
0.841482 -1.04316
0.850704 -1.03601
0.859932 -1.02886
0.869165 -1.02171
0.878406 -1.01455
0.887657 -1.00738
0.896918 -1.0002
0.906191 -0.993022
0.915477 -0.98583
0.924778 -0.978627
0.934096 -0.971412
0.943431 -0.964183
0.952786 -0.956941
0.962161 -0.949683
0.971559 -0.942409
0.980981 -0.935117
0.990428 -0.927806
0.999902 -0.920474
1.0094 -0.913122
1.01894 -0.905747
1.0285 -0.898348
1.0381 -0.890925
1.04773 -0.883475
1.0574 -0.875997
1.06711 -0.868491
1.07685 -0.860954
1.08664 -0.853386
1.09647 -0.845784
1.10635 -0.838149
1.11628 -0.830478
1.12625 -0.822769
1.13627 -0.815022
1.14635 -0.807235
1.15648 -0.799407
1.16667 -0.791535
1.17692 -0.783618
1.18723 -0.775656
1.17394 -0.75248
1.18417 -0.744579
1.19447 -0.736627
1.20484 -0.728624
1.21527 -0.720566
1.22578 -0.712453
1.23636 -0.704283
1.24703 -0.696053
1.25777 -0.687762
1.26859 -0.679408
1.2795 -0.670988
1.2905 -0.662502
1.32141 -0.663903
1.33276 -0.655143
1.34421 -0.646309
1.35576 -0.637398
1.36742 -0.628407
1.37918 -0.619333
1.39106 -0.610175
1.40305 -0.60093
1.41516 -0.591594
1.42738 -0.582166
1.43974 -0.572642
1.45222 -0.56302
1.46483 -0.553296
1.47758 -0.543467
1.49048 -0.53353
1.54861 -0.539183
1.5622 -0.528715
1.59889 -0.52567
1.613 -0.514798
1.62728 -0.503795
1.64173 -0.492656
1.65637 -0.481378
1.6712 -0.469955
1.68623 -0.458383
1.70145 -0.446657
1.71688 -0.434773
1.73252 -0.422725
1.74839 -0.410509
1.76448 -0.398117
1.7808 -0.385546
1.79737 -0.372789
1.78815 -0.354675
1.80499 -0.341716
1.82208 -0.328554
1.83945 -0.315183
1.85711 -0.301596
1.87505 -0.287786
1.89329 -0.273743
1.91185 -0.259462
6.98414 -0.886008
7.05082 -0.832187
7.11804 -0.777376
7.18921 -0.721897
7.26319 -0.665534
7.34002 -0.608212
7.41362 -0.549395
7.49534 -0.489906
7.49677 -0.424516
7.45406 -0.357051
7.40221 -0.290027
7.35112 -0.223975
7.30075 -0.158862
7.25109 -0.0946593
7.20212 -0.0313386
7.17898 0.0312374
7.15615 0.0934194
7.10878 0.154684
7.06202 0.215166
7.01584 0.274889
6.99459 0.335042
6.94939 0.393519
6.9528 0.454445
6.90835 0.511952
6.86442 0.568801
6.82097 0.625013
6.80145 0.68296
6.75881 0.738143
6.71662 0.792742
6.72088 0.852609
6.67927 0.90646
6.63809 0.959774
6.59731 1.01257
6.6018 1.07214
6.56153 1.12429
6.52162 1.17596
6.48208 1.22717
6.46479 1.28227
6.42581 1.33276
6.38715 1.38283
6.34882 1.43248
6.31081 1.48173
6.27309 1.5306
6.23567 1.57909
6.19853 1.62721
6.20342 1.68633
6.16657 1.73408
6.12999 1.7815
6.09365 1.8286
6.05757 1.87539
6.04197 1.92834
6.00623 1.97468
6.01075 2.0343
5.97521 2.0804
5.93987 2.12623
5.90473 2.17181
5.86979 2.21713
5.83504 2.26222
5.80046 2.30708
5.76606 2.35172
5.77001 2.41211
5.73571 2.45662
5.70157 2.50094
5.66758 2.54507
5.63372 2.58901
5.60001 2.63278
5.56643 2.67639
5.53297 2.71983
5.51783 2.77227
5.4845 2.81557
5.45127 2.85872
5.41815 2.90175
5.38513 2.94465
5.3522 2.98744
5.31935 3.03012
5.28659 3.0727
5.2539 3.11518
5.25573 3.1784
5.22297 3.22099
5.19026 3.26351
5.15762 3.30596
5.00747 3.27154
4.92561 3.27958
4.84443 3.28673
4.78039 3.30439
4.73318 3.333
4.65368 3.33797
4.59099 3.3539
4.51269 3.35731
4.48287 3.39613
4.45305 3.43494
4.42323 3.47375
4.40903 3.52506
4.3791 3.56404
4.41079 3.6541
4.3804 3.69368
4.36519 3.74633
4.33464 3.78611
4.33404 3.85259
4.30321 3.89275
4.27234 3.93296
4.28542 4.01446
4.28325 4.08299
4.26614 4.13814
2.73911 2.70358
2.54268 2.55377
2.36854 2.42064
2.21285 2.30125
2.00605 2.12286
1.94541 2.09491
1.91691 2.10059
1.88138 2.09804
1.83924 2.08731
1.80684 2.08687
1.76538 2.07521
1.73746 2.07877
1.72273 2.09799
1.70795 2.11729
1.6931 2.13667
1.65279 2.12351
1.61288 2.10985
1.59828 2.12891
1.58362 2.14805
1.55664 2.15039
1.54194 2.16959
1.52716 2.18889
1.5123 2.20829
1.49736 2.22781
1.48233 2.24745
1.4672 2.26721
1.45199 2.28709
1.43667 2.30709
1.42126 2.32724
1.40575 2.34751
1.39012 2.36793
1.36358 2.36972
1.33718 2.37134
1.32146 2.39188
1.30563 2.41259
1.28967 2.43345
1.27358 2.45449
1.25736 2.4757
1.24101 2.49709
1.22452 2.51866
1.20788 2.54042
1.19109 2.56238
1.16477 2.5639
1.14781 2.58609
1.13069 2.6085
1.1134 2.63113
1.09593 2.65398
1.07829 2.67707
1.06047 2.70039
1.04246 2.72397
1.02426 2.7478
1.00585 2.77189
0.987242 2.79626
0.968418 2.82091
0.934087 2.80001
0.915129 2.82484
0.895941 2.84997
0.876517 2.87541
0.856849 2.90117
0.836929 2.92726
0.816749 2.9537
0.796302 2.98048
0.775578 3.00763
0.754569 3.03516
0.733265 3.06308
0.711657 3.09139
0.689735 3.12012
0.667489 3.14927
0.644908 3.17887
0.62198 3.20892
0.598694 3.23944
0.570332 3.24368
0.541981 3.24792
0.517947 3.27942
0.49351 3.31146
0.464757 3.31623
0.439357 3.34663
0.412481 3.36881
0.38534 3.39156
0.360788 3.44227
0.332206 3.45973
0.306871 3.51734
0.277997 3.54214
0.250632 3.5942
0.220803 3.62015
0.19059 3.6468
0.161107 3.70022
0.129829 3.72816
0.0987755 3.78256
0.0663529 3.81191
0.0336571 3.86743
