-4.2136e-08 -0.96396
0.00836617 -0.961336
0.0166882 -0.958726
0.0249677 -0.95613
0.0332062 -0.953547
0.0414053 -0.950977
0.0495666 -0.948419
0.0589455 -0.966436
0.0686414 -0.984353
0.0770481 -0.98172
0.0854214 -0.979097
0.0937627 -0.976485
0.102074 -0.973883
0.110355 -0.97129
0.118609 -0.968707
0.12948 -0.98626
0.137854 -0.98364
0.146203 -0.981027
0.15453 -0.978423
0.162836 -0.975825
0.171122 -0.973234
0.17939 -0.97065
0.18764 -0.968071
0.195874 -0.965497
0.204093 -0.962929
0.212299 -0.960365
0.220493 -0.957806
0.228676 -0.95525
0.236849 -0.952698
0.245014 -0.950148
0.253173 -0.947602
0.261325 -0.945057
0.269473 -0.942515
0.277617 -0.939973
0.28576 -0.937433
0.293902 -0.934894
0.302044 -0.932355
0.310187 -0.929816
0.318334 -0.927276
0.326485 -0.924736
0.334642 -0.922194
0.342805 -0.91965
0.350976 -0.917105
0.359156 -0.914557
0.367347 -0.912006
0.375549 -0.909452
0.383764 -0.906895
0.391994 -0.904333
0.392071 -0.883364
0.400165 -0.880845
0.408276 -0.878322
0.416407 -0.875793
0.424558 -0.873258
0.432731 -0.870716
0.440927 -0.868168
0.449148 -0.865613
0.457394 -0.86305
0.465668 -0.860479
0.47397 -0.857899
0.482303 -0.855311
0.490667 -0.852713
0.499063 -0.850106
0.507495 -0.847488
0.515962 -0.844859
0.524467 -0.842219
0.533011 -0.839568
0.541596 -0.836904
0.550222 -0.834228
0.558893 -0.831538
0.579435 -0.846102
0.588381 -0.843328
0.621759 -0.874847
0.631177 -0.871927
0.665773 -0.903069
0.688426 -0.916981
0.698581 -0.913835
0.708801 -0.910668
3.02865 -3.82212
3.07228 -3.80861
3.11621 -3.795
3.16045 -3.7813
3.20502 -3.76751
3.24992 -3.75361
3.29517 -3.7396
3.34077 -3.72549
3.38675 -3.71127
3.4331 -3.69693
3.47984 -3.68247
3.52699 -3.66789
3.57455 -3.65318
3.62254 -3.63834
3.67098 -3.62337
3.71987 -3.60826
3.76922 -3.593
3.81907 -3.5776
3.86941 -3.56204
3.92027 -3.54633
3.97165 -3.53046
4.02358 -3.51442
4.07608 -3.49821
4.12915 -3.48182
4.18283 -3.46524
4.23712 -3.44848
4.29204 -3.43153
4.34763 -3.41437
4.40388 -3.39701
4.46084 -3.37944
4.51851 -3.36164
4.57693 -3.34362
4.6361 -3.32537
4.69607 -3.30687
4.75686 -3.28813
4.81848 -3.26912
4.88097 -3.24985
4.94436 -3.23031
5.00867 -3.21049
5.07394 -3.19037
5.14019 -3.16995
5.20747 -3.14921
5.2758 -3.12816
5.34521 -3.10677
5.41576 -3.08503
5.48747 -3.06294
5.56038 -3.04048
5.63454 -3.01764
5.70556 -2.99208
5.72951 -2.94135
5.70639 -2.86701
5.68366 -2.79391
5.66131 -2.72201
5.63931 -2.65126
5.61767 -2.58164
5.59636 -2.51309
5.57539 -2.44559
5.57885 -2.38944
5.57984 -2.33261
5.56222 -2.26858
5.54228 -2.20439
5.52262 -2.1411
5.52693 -2.08763
5.50772 -2.02578
5.51231 -1.97318
5.51698 -1.92086
5.49836 -1.86089
5.47998 -1.80167
5.46182 -1.74318
5.44345 -1.68526
5.44924 -1.63522
5.43166 -1.57855
5.41427 -1.52253
5.44279 -1.47957
5.42565 -1.42432
5.40871 -1.36967
5.39194 -1.3156
5.37535 -1.26209
5.40392 -1.21928
5.38753 -1.16641
5.3713 -1.11405
5.34071 -1.05931
5.33932 -1.01083
5.34571 -0.963927
5.33002 -0.913279
5.31447 -0.863077
5.29906 -0.813309
5.28378 -0.76396
5.26862 -0.715018
5.25359 -0.666471
5.23869 -0.618306
5.2239 -0.570512
5.25241 -0.527415
5.23772 -0.479939
5.22314 -0.432802
5.20866 -0.385995
5.19429 -0.339506
5.18001 -0.293326
5.18706 -0.248462
5.17291 -0.202681
5.15885 -0.15718
5.18701 -0.112868
5.173 -0.0675309
5.15908 -0.0224487
5.14523 0.0223881
5.13145 0.0669881
5.11775 0.11136
5.10412 0.155513
5.09056 0.199454
5.07706 0.243192
5.06362 0.286735
5.09127 0.332772
5.07784 0.3763
5.06447 0.419654
5.05115 0.462843
5.03789 0.505874
5.02467 0.548754
5.01149 0.591491
4.99837 0.634092
4.98528 0.676564
4.97223 0.718914
4.9792 0.764216
4.96618 0.806513
4.95318 0.848709
4.94022 0.89081
4.92729 0.932822
4.91439 0.974754
4.90151 1.01661
4.88865 1.0584
4.87581 1.10013
4.863 1.1418
4.88913 1.19292
4.87624 1.23483
4.86337 1.27671
4.85051 1.31856
4.83765 1.36038
4.82481 1.40219
4.67787 1.40375
4.60808 1.42663
4.5767 1.46068
4.48842 1.47567
4.47634 1.51499
4.44537 1.54775
4.37679 1.56671
4.36491 1.60545
4.31552 1.63005
4.24763 1.64679
4.23596 1.68482
4.22429 1.7229
4.2126 1.76104
4.21938 1.80717
4.20759 1.84562
4.19579 1.88415
4.22063 1.93962
4.24524 1.99585
4.25138 2.0441
4.2392 2.08386
4.227 2.12373
4.25091 2.18228
4.23852 2.22274
4.2261 2.26333
4.23156 2.31387
4.29045 2.3948
4.29544 2.44686
4.28252 2.48911
4.26955 2.53153
4.34477 2.6275
4.33142 2.67118
4.35309 2.73711
4.39196 2.81518
4.39558 2.87178
4.4164 2.94053
2.53945 1.7229
2.45226 1.6951
2.36882 1.66807
2.28885 1.64174
2.21409 1.61748
2.15867 1.60599
2.07471 1.57176
2.02149 1.55931
1.97333 1.54974
1.91846 1.53383
1.85861 1.51268
1.80061 1.49171
1.76098 1.48491
1.70157 1.46033
1.66583 1.45503
1.61494 1.43554
1.58177 1.4309
1.53205 1.41035
1.48566 1.39173
1.44442 1.37689
1.41306 1.37066
1.3865 1.36852
1.37674 1.38275
1.36761 1.3977
1.34646 1.40025
1.30748 1.38361
1.30072 1.40068
1.27875 1.40129
1.26271 1.40812
1.25784 1.42749
1.23785 1.42969
1.20967 1.42197
1.19107 1.42505
1.18811 1.44691
1.17817 1.46054
1.1761 1.48422
1.17421 1.50862
1.15162 1.50647
1.12078 1.49287
1.11994 1.5191
1.08505 1.49892
1.0854 1.52721
1.07937 1.54706
1.05879 1.54607
1.05268 1.56621
1.04648 1.58663
1.04019 1.60736
1.03381 1.62839
1.02733 1.64974
1.02075 1.67142
1.01407 1.69344
1.00728 1.71581
1.00039 1.73854
0.993378 1.76165
0.986252 1.78514
0.979005 1.80904
0.969168 1.82871
0.952381 1.83546
0.935763 1.84248
0.919306 1.84977
0.902997 1.85734
0.898454 1.88964
0.893435 1.92204
0.887947 1.95455
0.881994 1.98719
0.86514 1.99588
0.858553 2.02889
0.851507 2.06206
0.844006 2.0954
0.817403 2.08144
0.809536 2.11533
0.801212 2.14943
0.792431 2.18375
0.781961 2.21482
0.773506 2.25314
0.76336 2.28824
0.752759 2.32363
0.741702 2.35934
0.730185 2.39537
0.704642 2.38582
0.686131 2.39983
0.673928 2.4372
0.661247 2.47498
0.648083 2.51322
0.634432 2.55192
0.625684 2.61368
0.610818 2.65335
0.595446 2.69359
0.583416 2.75261
0.567007 2.79488
0.553477 2.8555
0.536091 2.9007
0.518171 2.94702
0.488628 2.92819
0.470328 2.97792
0.451314 3.02832
0.425992 3.03962
0.408991 3.11532
0.388891 3.17615
0.369887 3.25555
0.348265 3.32279
0.325024 3.38493
0.30182 3.45945
0.278468 3.54814
0.252259 3.61753
0.225918 3.70401
0.19865 3.80101
0.169691 3.89738
0.135677 3.89607
0.102633 3.93028
0.0702073 4.03334
0.0359405 4.12981
